"country" "District" "year" "n" "x" "Locus" "min_year" "nobs" "adj_year" "prev" "wt_med" "lrsmed" "predict_stan" "predict_stan_prev"
"1" "Cambodia" "Battambang" 2008 20 9 "C580Y" 2008 2 0 0.45 NA -0.200670695462151 NA NA
"2" "Cambodia" "Battambang" 2009 31 23 "C580Y" 2008 2 1 0.741935483870968 NA 1.05605267424931 NA NA
"3" "Cambodia" "Pailin" 2007 3 0 "C580Y" 2008 8 -1 0 NA NA NA NA
"4" "Cambodia" "Pailin" 2008 24 14 "C580Y" 2008 8 0 0.583333333333333 5.83333333333333 0.336472236621213 0.248637254099128 56.1841054302747
"5" "Cambodia" "Pailin" 2009 13 4 "C580Y" 2008 8 1 0.307692307692308 2.76923076923077 -0.810930216216329 0.585428697162334 64.2315590540454
"6" "Cambodia" "Pailin" 2010 10 9 "C580Y" 2008 8 2 0.9 0.9 2.19722457733622 0.905390698037963 71.2056031742724
"7" "Cambodia" "Pailin" 2011 49 41 "C580Y" 2008 8 3 0.836734693877551 6.69387755102041 1.63413052502447 1.2253503144136 77.3003734581566
"8" "Cambodia" "Pailin" 2012 31 27 "C580Y" 2008 8 4 0.870967741935484 3.48387096774194 1.90954250488444 1.52452559803548 82.1203931446953
"9" "Cambodia" "Pailin" 2015 15 14 "C580Y" 2008 8 7 0.933333333333333 0.933333333333333 2.63905732961526 2.51524968646201 92.5203988951227
"10" "Cambodia" "Pailin" 2016 22 22 "C580Y" 2008 8 8 1 NA NA NA NA
"11" "Cambodia" "Pailin" 2017 24 22 "C580Y" 2008 8 9 0.916666666666667 1.83333333333333 2.39789527279837 3.15651551787979 95.9164685107119
"12" "Cambodia" "Preah Vihear" 2011 73 16 "C580Y" 2011 6 0 0.219178082191781 12.4931506849315 -1.27046254559477 -1.45519689054178 18.9203047747539
"13" "Cambodia" "Preah Vihear" 2012 41 7 "C580Y" 2011 6 1 0.170731707317073 5.80487804878049 -1.58045037556085 -0.929107509060236 28.3105816644179
"14" "Cambodia" "Preah Vihear" 2013 20 8 "C580Y" 2011 6 2 0.4 4.8 -0.405465108108164 -0.392991414153799 40.2997386533002
"15" "Cambodia" "Preah Vihear" 2014 7 6 "C580Y" 2011 6 3 0.857142857142857 0.857142857142857 1.79175946922805 0.144648070819395 53.6099097664162
"16" "Cambodia" "Preah Vihear" 2015 3 2 "C580Y" 2011 6 4 0.666666666666667 0.666666666666667 0.693147180559945 0.671853753794784 66.1918121336965
"17" "Cambodia" "Preah Vihear" 2016 5 5 "C580Y" 2011 6 5 1 NA NA NA NA
"18" "Cambodia" "Pursat" 2007 26 4 "C580Y" 2007 11 0 0.153846153846154 3.38461538461539 -1.70474809223843 -0.975316117789694 27.3822156251198
"19" "Cambodia" "Pursat" 2009 19 6 "C580Y" 2007 11 2 0.315789473684211 4.10526315789474 -0.773189888233482 -0.301279307769859 42.5244775594111
"20" "Cambodia" "Pursat" 2010 107 57 "C580Y" 2007 11 3 0.532710280373832 26.6355140186916 0.131028262406404 0.0210951641149718 50.527359546508
"21" "Cambodia" "Pursat" 2011 101 65 "C580Y" 2007 11 4 0.643564356435644 23.1683168316832 0.590868331439527 0.37229613745898 59.2013689459448
"22" "Cambodia" "Pursat" 2012 30 20 "C580Y" 2007 11 5 0.666666666666667 6.66666666666667 0.693147180559945 0.672076262396477 66.1967913078903
"23" "Cambodia" "Pursat" 2013 42 26 "C580Y" 2007 11 6 0.619047619047619 9.90476190476191 0.485507815781701 1.00579238944424 73.2195906158915
"24" "Cambodia" "Pursat" 2014 33 29 "C580Y" 2007 11 7 0.878787878787879 3.51515151515152 1.98100146886658 1.31916635200464 78.9042975783598
"25" "Cambodia" "Pursat" 2015 18 15 "C580Y" 2007 11 8 0.833333333333333 2.5 1.6094379124341 1.66085165409449 84.0352294360382
"26" "Cambodia" "Pursat" 2016 52 48 "C580Y" 2007 11 9 0.923076923076923 3.69230769230769 2.484906649788 2.00757100581971 88.1589696106472
"27" "Cambodia" "Pursat" 2017 29 24 "C580Y" 2007 11 10 0.827586206896552 4.13793103448276 1.56861591791385 2.3090769414018 90.9626002531289
"28" "Cambodia" "Pursat" 2018 3 3 "C580Y" 2007 11 11 1 NA NA NA NA
"29" "Cambodia" "Ratanakiri" 2010 50 1 "C580Y" 2010 8 0 0.02 0.98 -3.89182029811063 -3.7930031167244 2.20315236304288
"30" "Cambodia" "Ratanakiri" 2011 78 4 "C580Y" 2010 8 1 0.0512820512820513 3.7948717948718 -2.91777073208428 -3.06491823976333 4.45777625205868
"31" "Cambodia" "Ratanakiri" 2012 27 2 "C580Y" 2010 8 2 0.0740740740740741 1.85185185185185 -2.52572864430826 -2.30132094437491 9.1013620045082
"32" "Cambodia" "Ratanakiri" 2013 13 1 "C580Y" 2010 8 3 0.0769230769230769 0.923076923076923 -2.484906649788 -1.56460550240173 17.298678037067
"33" "Cambodia" "Ratanakiri" 2014 26 2 "C580Y" 2010 8 4 0.0769230769230769 1.84615384615385 -2.484906649788 -0.797851780565089 31.0485231274767
"34" "Cambodia" "Ratanakiri" 2016 80 59 "C580Y" 2010 8 6 0.7375 15.4875 1.0330150061823 0.703049783930871 66.8863601345207
"35" "Cambodia" "Ratanakiri" 2017 73 59 "C580Y" 2010 8 7 0.808219178082192 11.3150684931507 1.43848011429046 1.43868255218349 80.8250554187725
"36" "Cambodia" "Ratanakiri" 2018 5 3 "C580Y" 2010 8 8 0.6 1.2 0.405465108108164 2.19212205456992 89.9539834747958
"37" "Cambodia" "Stueng Traeng" 2016 29 28 "C580Y" 2016 2 0 0.96551724137931 NA 3.33220451017521 NA NA
"38" "Cambodia" "Stueng Traeng" 2017 21 20 "C580Y" 2016 2 1 0.952380952380952 NA 2.99573227355399 NA NA
"39" "Laos" "Attapeu" 2011 59 0 "C580Y" 2017 2 -6 0 NA NA NA NA
"40" "Laos" "Attapeu" 2012 25 0 "C580Y" 2017 2 -5 0 NA NA NA NA
"41" "Laos" "Attapeu" 2017 65 24 "C580Y" 2017 2 0 0.369230769230769 NA -0.535518236356362 NA NA
"42" "Laos" "Attapeu" 2018 54 31 "C580Y" 2017 2 1 0.574074074074074 NA 0.298492988555997 NA NA
"43" "Laos" "Champasak" 2017 92 73 "C580Y" 2017 2 0 0.793478260869565 NA 1.34602046198195 NA NA
"44" "Laos" "Champasak" 2018 113 62 "C580Y" 2017 2 1 0.548672566371681 NA 0.195308752320766 NA NA
"45" "Laos" "Salavan" 2017 100 25 "C580Y" 2017 2 0 0.25 NA -1.09861228866811 NA NA
"46" "Laos" "Salavan" 2018 42 12 "C580Y" 2017 2 1 0.285714285714286 NA -0.916290731874155 NA NA
"47" "Laos" "Savannakhet" 2010 36 0 "C580Y" 2017 2 -7 0 NA NA NA NA
"48" "Laos" "Savannakhet" 2017 249 7 "C580Y" 2017 2 0 0.0281124497991968 NA -3.54302757710137 NA NA
"49" "Laos" "Savannakhet" 2018 126 15 "C580Y" 2017 2 1 0.119047619047619 NA -2.00148000021012 NA NA
"50" "Laos" "Sekong" 2015 7 2 "C580Y" 2015 1 0 0.285714285714286 NA -0.916290731874155 NA NA
"51" "Laos" "Sekong" 2016 3 0 "C580Y" 2015 1 1 0 NA NA NA NA
"52" "Laos" "Sekong" 2017 12 0 "C580Y" 2015 1 2 0 NA NA NA NA
"53" "Laos" "Sekong" 2018 2 0 "C580Y" 2015 1 3 0 NA NA NA NA
"54" "Myanmar" "Kayin" 2015 1 0 "C580Y" 2016 2 -1 0 NA NA NA NA
"55" "Myanmar" "Kayin" 2016 366 7 "C580Y" 2016 2 0 0.0191256830601093 NA -3.93741223943297 NA NA
"56" "Myanmar" "Kayin" 2017 254 7 "C580Y" 2016 2 1 0.0275590551181102 NA -3.56347818757266 NA NA
"57" "Myanmar" "Rakhine" 2017 7 1 "C580Y" 2017 1 0 0.142857142857143 NA -1.79175946922805 NA NA
"58" "Myanmar" "Tanintharyi" 2011 50 13 "C580Y" 2011 1 0 0.26 NA -1.04596855518269 NA NA
"59" "Thailand" "Ranong" 2011 9 6 "C580Y" 2011 2 0 0.666666666666667 NA 0.693147180559945 NA NA
"60" "Thailand" "Ranong" 2012 11 1 "C580Y" 2011 2 1 0.0909090909090909 NA -2.30258509299405 NA NA
"61" "Thailand" "Sisakhet" 2011 5 3 "C580Y" 2011 6 0 0.6 1.2 0.405465108108164 -1.00113713613132 26.871790558861
"62" "Thailand" "Sisakhet" 2012 12 2 "C580Y" 2011 6 1 0.166666666666667 1.66666666666667 -1.6094379124341 -0.657612665316724 34.1276096890842
"63" "Thailand" "Sisakhet" 2013 3 1 "C580Y" 2011 6 2 0.333333333333333 0.666666666666667 -0.693147180559945 -0.36807868448247 40.9005360584275
"64" "Thailand" "Sisakhet" 2015 16 16 "C580Y" 2011 6 4 1 NA NA NA NA
"65" "Thailand" "Sisakhet" 2016 5 5 "C580Y" 2011 6 5 1 NA NA NA NA
"66" "Thailand" "Sisakhet" 2017 18 18 "C580Y" 2011 6 6 1 NA NA NA NA
"67" "Thailand" "Tak" 2001 35 0 "C580Y" 2011 5 -10 0 NA NA NA NA
"68" "Thailand" "Tak" 2002 50 0 "C580Y" 2011 5 -9 0 NA NA NA NA
"69" "Thailand" "Tak" 2003 76 0 "C580Y" 2011 5 -8 0 NA NA NA NA
"70" "Thailand" "Tak" 2004 74 0 "C580Y" 2011 5 -7 0 NA NA NA NA
"71" "Thailand" "Tak" 2005 48 0 "C580Y" 2011 5 -6 0 NA NA NA NA
"72" "Thailand" "Tak" 2006 2 0 "C580Y" 2011 5 -5 0 NA NA NA NA
"73" "Thailand" "Tak" 2007 27 0 "C580Y" 2011 5 -4 0 NA NA NA NA
"74" "Thailand" "Tak" 2008 261 0 "C580Y" 2011 5 -3 0 NA NA NA NA
"75" "Thailand" "Tak" 2009 16 0 "C580Y" 2011 5 -2 0 NA NA NA NA
"76" "Thailand" "Tak" 2010 14 0 "C580Y" 2011 5 -1 0 NA NA NA NA
"77" "Thailand" "Tak" 2011 47 5 "C580Y" 2011 5 0 0.106382978723404 4.46808510638298 -2.12823170584927 -1.40193907402623 19.7508589969024
"78" "Thailand" "Tak" 2012 93 28 "C580Y" 2011 5 1 0.301075268817204 19.5698924731183 -0.842182759720433 -0.780760924809339 31.4155912519246
"79" "Thailand" "Tak" 2013 111 57 "C580Y" 2011 5 2 0.513513513513513 27.7297297297297 0.0540672212702756 -0.237406930871423 44.0925470460949
"80" "Thailand" "Tak" 2014 5 5 "C580Y" 2011 5 3 1 NA NA NA NA
"81" "Thailand" "Tak" 2015 9 3 "C580Y" 2011 5 4 0.333333333333333 2 -0.693147180559945 0.952755266357695 72.1668946621128
"82" "Thailand" "Tak" 2016 1 0 "C580Y" 2011 5 5 0 NA NA NA NA
"83" "Thailand" "Tak" 2017 1 0 "C580Y" 2011 5 6 0 NA NA NA NA
"84" "Vietnam" "Binh Phuoc" 2005 8 0 "C580Y" 2010 8 -5 0 NA NA NA NA
"85" "Vietnam" "Binh Phuoc" 2009 13 0 "C580Y" 2010 8 -1 0 NA NA NA NA
"86" "Vietnam" "Binh Phuoc" 2010 73 2 "C580Y" 2010 8 0 0.0273972602739726 1.94520547945205 -3.56953269648137 -3.06656387031783 4.4507726656231
"87" "Vietnam" "Binh Phuoc" 2011 116 11 "C580Y" 2010 8 1 0.0948275862068965 9.95689655172414 -2.25606507735915 -2.24674192000006 9.56308709349681
"88" "Vietnam" "Binh Phuoc" 2012 25 1 "C580Y" 2010 8 2 0.04 0.96 -3.17805383034795 -1.38297829140094 20.0531099016765
"89" "Vietnam" "Binh Phuoc" 2014 5 4 "C580Y" 2010 8 4 0.8 0.8 1.38629436111989 0.291728411080225 57.2419223826689
"90" "Vietnam" "Binh Phuoc" 2015 41 34 "C580Y" 2010 8 5 0.829268292682927 5.80487804878049 1.58045037556085 1.10274148180929 75.0773424210563
"91" "Vietnam" "Binh Phuoc" 2016 61 56 "C580Y" 2010 8 6 0.918032786885246 4.59016393442623 2.41591377830105 1.95046836087353 87.5497702817799
"92" "Vietnam" "Binh Phuoc" 2017 83 77 "C580Y" 2010 8 7 0.927710843373494 5.56626506024096 2.55204595262563 2.76862793897528 94.0956804912193
"93" "Vietnam" "Binh Phuoc" 2018 201 194 "C580Y" 2010 8 8 0.965174129353234 6.75621890547264 3.32194801000802 3.59756099040247 97.3339788493827
"94" "Vietnam" "Dak Lak" 2017 91 87 "C580Y" 2017 2 0 0.956043956043956 NA 3.07961375753469 NA NA
"95" "Vietnam" "Dak Lak" 2018 15 15 "C580Y" 2017 2 1 1 NA NA NA NA
"96" "Vietnam" "Dak Nong" 2017 45 43 "C580Y" 2017 2 0 0.955555555555556 NA 3.06805293513362 NA NA
"97" "Vietnam" "Dak Nong" 2018 25 25 "C580Y" 2017 2 1 1 NA NA NA NA
"98" "Vietnam" "Gia Lai" 2015 34 20 "C580Y" 2015 4 0 0.588235294117647 8.23529411764706 0.356674943938732 -0.0740071705071907 48.1506647371604
"99" "Vietnam" "Gia Lai" 2016 5 3 "C580Y" 2015 4 1 0.6 1.2 0.405465108108164 0.335183369796283 58.3020033484385
"100" "Vietnam" "Gia Lai" 2017 181 113 "C580Y" 2015 4 2 0.624309392265193 42.4530386740331 0.507880113536234 0.751712577098295 67.955174658803
"101" "Vietnam" "Gia Lai" 2018 110 93 "C580Y" 2015 4 3 0.845454545454545 14.3727272727273 1.69938614909704 1.15954938481216 76.1250826072729
"102" "Vietnam" "Khanh Hoa" 2014 21 7 "C580Y" 2014 2 0 0.333333333333333 NA -0.693147180559945 NA NA
"103" "Vietnam" "Khanh Hoa" 2017 17 1 "C580Y" 2014 2 3 0.0588235294117647 NA -2.77258872223978 NA NA
"104" "Vietnam" "Quang Tri" 2010 6 0 "C580Y" 2017 1 -7 0 NA NA NA NA
"105" "Vietnam" "Quang Tri" 2017 22 9 "C580Y" 2017 1 0 0.409090909090909 NA -0.367724780125317 NA NA
"106" "Cambodia" "Battambang" 2008 20 14 "PfK13" 2008 2 0 0.7 NA 0.847297860387203 NA NA
"107" "Cambodia" "Battambang" 2009 31 25 "PfK13" 2008 2 1 0.806451612903226 NA 1.42711635564015 NA NA
"108" "Cambodia" "Pailin" 2007 3 2 "PfK13" 2007 9 0 0.666666666666667 0.666666666666667 0.693147180559945 1.45362413921311 81.0555565993296
"109" "Cambodia" "Pailin" 2008 24 20 "PfK13" 2007 9 1 0.833333333333333 3.33333333333333 1.6094379124341 1.58253407110714 82.9563104905568
"110" "Cambodia" "Pailin" 2009 13 11 "PfK13" 2007 9 2 0.846153846153846 1.69230769230769 1.70474809223843 1.70765743939522 84.6532196439863
"111" "Cambodia" "Pailin" 2010 10 10 "PfK13" 2007 9 3 1 NA NA NA NA
"112" "Cambodia" "Pailin" 2011 49 46 "PfK13" 2007 9 4 0.938775510204082 2.81632653061224 2.73002910782099 1.9724026627199 87.7868948761502
"113" "Cambodia" "Pailin" 2012 31 27 "PfK13" 2007 9 5 0.870967741935484 3.48387096774194 1.90954250488444 2.12103951750032 89.2931353135427
"114" "Cambodia" "Pailin" 2015 15 14 "PfK13" 2007 9 8 0.933333333333333 0.933333333333333 2.63905732961526 2.48331608385226 92.2963907455881
"115" "Cambodia" "Pailin" 2016 22 22 "PfK13" 2007 9 9 1 NA NA NA NA
"116" "Cambodia" "Pailin" 2017 24 22 "PfK13" 2007 9 10 0.916666666666667 1.83333333333333 2.39789527279837 2.76332029996364 94.0661236835678
"117" "Cambodia" "Preah Vihear" 2011 73 22 "PfK13" 2011 6 0 0.301369863013699 15.3698630136986 -0.84078317936601 -1.03148011063676 26.2797254486624
"118" "Cambodia" "Preah Vihear" 2012 41 9 "PfK13" 2011 6 1 0.219512195121951 7.02439024390244 -1.26851132546351 -0.650863049990447 34.2795077346489
"119" "Cambodia" "Preah Vihear" 2013 20 8 "PfK13" 2011 6 2 0.4 4.8 -0.405465108108164 -0.321308821247376 42.0356811241672
"120" "Cambodia" "Preah Vihear" 2014 7 6 "PfK13" 2011 6 3 0.857142857142857 0.857142857142857 1.79175946922805 0.0465758432468932 51.1641856322333
"121" "Cambodia" "Preah Vihear" 2015 3 2 "PfK13" 2011 6 4 0.666666666666667 0.666666666666667 0.693147180559945 0.389710756764438 59.6213067937607
"122" "Cambodia" "Preah Vihear" 2016 5 5 "PfK13" 2011 6 5 1 NA NA NA NA
"123" "Cambodia" "Pursat" 2007 26 11 "PfK13" 2007 11 0 0.423076923076923 6.34615384615384 -0.310154928303839 0.205229640267797 55.1128079742902
"124" "Cambodia" "Pursat" 2009 19 13 "PfK13" 2007 11 2 0.684210526315789 4.10526315789474 0.773189888233482 0.680537434862328 66.3858636739832
"125" "Cambodia" "Pursat" 2010 107 83 "PfK13" 2007 11 3 0.775700934579439 18.6168224299065 1.24078677744865 0.926018946245518 71.6266918479986
"126" "Cambodia" "Pursat" 2011 101 79 "PfK13" 2007 11 4 0.782178217821782 17.2079207920792 1.27840539910871 1.14578889288143 75.8740900678179
"127" "Cambodia" "Pursat" 2012 30 22 "PfK13" 2007 11 5 0.733333333333333 5.86666666666667 1.01160091167848 1.3883912233986 80.0335286926591
"128" "Cambodia" "Pursat" 2013 42 33 "PfK13" 2007 11 6 0.785714285714286 7.07142857142857 1.29928298413026 1.64840152122931 83.8674894404508
"129" "Cambodia" "Pursat" 2014 33 29 "PfK13" 2007 11 7 0.878787878787879 3.51515151515152 1.98100146886658 1.86849353885567 86.6283871113305
"130" "Cambodia" "Pursat" 2015 18 15 "PfK13" 2007 11 8 0.833333333333333 2.5 1.6094379124341 2.10562014339745 89.1448228111958
"131" "Cambodia" "Pursat" 2016 52 48 "PfK13" 2007 11 9 0.923076923076923 3.69230769230769 2.484906649788 2.33953684444174 91.2098959016269
"132" "Cambodia" "Pursat" 2017 29 27 "PfK13" 2007 11 10 0.931034482758621 1.86206896551724 2.60268968544438 2.57531586104282 92.9255955451084
"133" "Cambodia" "Pursat" 2018 3 3 "PfK13" 2007 11 11 1 NA NA NA NA
"134" "Cambodia" "Ratanakiri" 2010 50 1 "PfK13" 2010 8 0 0.02 0.98 -3.89182029811063 -3.82540416077966 2.13441121985717
"135" "Cambodia" "Ratanakiri" 2011 78 4 "PfK13" 2010 8 1 0.0512820512820513 3.7948717948718 -2.91777073208428 -3.06616151928175 4.45248404899994
"136" "Cambodia" "Ratanakiri" 2012 27 2 "PfK13" 2010 8 2 0.0740740740740741 1.85185185185185 -2.52572864430826 -2.31776533444037 8.96622921860959
"137" "Cambodia" "Ratanakiri" 2013 13 1 "PfK13" 2010 8 3 0.0769230769230769 0.923076923076923 -2.484906649788 -1.52497242800787 17.8730470802394
"138" "Cambodia" "Ratanakiri" 2014 26 3 "PfK13" 2010 8 4 0.115384615384615 2.65384615384615 -2.03688192726104 -0.751536961287074 32.0486496922345
"139" "Cambodia" "Ratanakiri" 2016 80 60 "PfK13" 2010 8 6 0.75 15 1.09861228866811 0.782710336630442 68.6263959355161
"140" "Cambodia" "Ratanakiri" 2017 73 62 "PfK13" 2010 8 7 0.849315068493151 9.34246575342466 1.72923911224672 1.53563030055811 82.2828601402602
"141" "Cambodia" "Ratanakiri" 2018 5 3 "PfK13" 2010 8 8 0.6 1.2 0.405465108108164 2.32249056900025 91.0722648377945
"142" "Cambodia" "Stueng Traeng" 2016 29 28 "PfK13" 2016 2 0 0.96551724137931 NA 3.33220451017521 NA NA
"143" "Cambodia" "Stueng Traeng" 2017 21 20 "PfK13" 2016 2 1 0.952380952380952 NA 2.99573227355399 NA NA
"144" "Laos" "Attapeu" 2011 59 1 "PfK13" 2011 4 0 0.0169491525423729 0.983050847457627 -4.06044301054642 -4.06692483557787 1.68414906313722
"145" "Laos" "Attapeu" 2012 25 1 "PfK13" 2011 4 1 0.04 0.96 -3.17805383034795 -3.40745511430554 3.20632846184429
"146" "Laos" "Attapeu" 2017 65 25 "PfK13" 2011 4 6 0.384615384615385 15.3846153846154 -0.470003629245736 -0.129999853919018 46.7545729979063
"147" "Laos" "Attapeu" 2018 54 39 "PfK13" 2011 4 7 0.722222222222222 10.8333333333333 0.955511445027436 0.516114803833537 62.6238829641136
"148" "Laos" "Champasak" 2017 92 75 "PfK13" 2017 2 0 0.815217391304348 NA 1.48427476948009 NA NA
"149" "Laos" "Champasak" 2018 113 62 "PfK13" 2017 2 1 0.548672566371681 NA 0.195308752320766 NA NA
"150" "Laos" "Salavan" 2017 100 25 "PfK13" 2017 2 0 0.25 NA -1.09861228866811 NA NA
"151" "Laos" "Salavan" 2018 42 12 "PfK13" 2017 2 1 0.285714285714286 NA -0.916290731874155 NA NA
"152" "Laos" "Savannakhet" 2010 36 0 "PfK13" 2017 2 -7 0 NA NA NA NA
"153" "Laos" "Savannakhet" 2017 249 7 "PfK13" 2017 2 0 0.0281124497991968 NA -3.54302757710137 NA NA
"154" "Laos" "Savannakhet" 2018 126 15 "PfK13" 2017 2 1 0.119047619047619 NA -2.00148000021012 NA NA
"155" "Laos" "Sekong" 2015 7 5 "PfK13" 2015 3 0 0.714285714285714 1.42857142857143 0.916290731874155 0.59169558236607 64.3754096381343
"156" "Laos" "Sekong" 2016 3 0 "PfK13" 2015 3 1 0 NA NA NA NA
"157" "Laos" "Sekong" 2017 12 9 "PfK13" 2015 3 2 0.75 2.25 1.09861228866811 0.940441920754861 71.9188914705806
"158" "Laos" "Sekong" 2018 2 1 "PfK13" 2015 3 3 0.5 0.5 0 1.0961429029777 74.9536704404596
"159" "Myanmar" "Bago" 2011 12 2 "PfK13" 2011 2 0 0.166666666666667 NA -1.6094379124341 NA NA
"160" "Myanmar" "Bago" 2012 48 5 "PfK13" 2011 2 1 0.104166666666667 NA -2.15176220325946 NA NA
"161" "Myanmar" "Bago" 2013 1 0 "PfK13" 2011 2 2 0 NA NA NA NA
"162" "Myanmar" "Bago" 2015 10 0 "PfK13" 2011 2 4 0 NA NA NA NA
"163" "Myanmar" "Bago" 2016 16 0 "PfK13" 2011 2 5 0 NA NA NA NA
"164" "Myanmar" "Bago" 2017 2 0 "PfK13" 2011 2 6 0 NA NA NA NA
"165" "Myanmar" "Kachin" 2013 11 8 "PfK13" 2013 2 0 0.727272727272727 NA 0.980829253011726 NA NA
"166" "Myanmar" "Kachin" 2014 15 9 "PfK13" 2013 2 1 0.6 NA 0.405465108108164 NA NA
"167" "Myanmar" "Kayin" 2015 1 0 "PfK13" 2016 2 -1 0 NA NA NA NA
"168" "Myanmar" "Kayin" 2016 366 99 "PfK13" 2016 2 0 0.270491803278689 NA -0.99212880826566 NA NA
"169" "Myanmar" "Kayin" 2017 254 68 "PfK13" 2016 2 1 0.267716535433071 NA -1.00623896853709 NA NA
"170" "Myanmar" "Mandalay" 2012 3 0 "PfK13" 2013 5 -1 0 NA NA NA NA
"171" "Myanmar" "Mandalay" 2013 54 10 "PfK13" 2013 5 0 0.185185185185185 8.14814814814815 -1.48160454092422 -1.65757288776402 16.0088076997282
"172" "Myanmar" "Mandalay" 2014 17 4 "PfK13" 2013 5 1 0.235294117647059 3.05882352941176 -1.17865499634165 -1.37448565874749 20.1896087445934
"173" "Myanmar" "Mandalay" 2015 14 2 "PfK13" 2013 5 2 0.142857142857143 1.71428571428571 -1.79175946922805 -1.06789920486411 25.5802802565289
"174" "Myanmar" "Mandalay" 2016 20 2 "PfK13" 2013 5 3 0.1 1.8 -2.19722457733622 -0.797383731433592 31.0585442063472
"175" "Myanmar" "Mandalay" 2017 6 4 "PfK13" 2013 5 4 0.666666666666667 1.33333333333333 0.693147180559945 -0.503168206552704 37.6796417871612
"176" "Myanmar" "Rakhine" 2017 7 1 "PfK13" 2017 1 0 0.142857142857143 NA -1.79175946922805 NA NA
"177" "Myanmar" "Sagaing" 2012 37 13 "PfK13" 2012 1 0 0.351351351351351 NA -0.613104472886409 NA NA
"178" "Myanmar" "Shan" 2011 13 1 "PfK13" 2011 2 0 0.0769230769230769 NA -2.484906649788 NA NA
"179" "Myanmar" "Shan" 2012 16 2 "PfK13" 2011 2 1 0.125 NA -1.94591014905531 NA NA
"180" "Myanmar" "Tanintharyi" 2011 50 13 "PfK13" 2011 1 0 0.26 NA -1.04596855518269 NA NA
"181" "Thailand" "Ranong" 2011 9 6 "PfK13" 2011 2 0 0.666666666666667 NA 0.693147180559945 NA NA
"182" "Thailand" "Ranong" 2012 11 2 "PfK13" 2011 2 1 0.181818181818182 NA -1.50407739677627 NA NA
"183" "Thailand" "Sisakhet" 2011 5 5 "PfK13" 2011 6 0 1 NA NA NA NA
"184" "Thailand" "Sisakhet" 2012 12 12 "PfK13" 2011 6 1 1 NA NA NA NA
"185" "Thailand" "Sisakhet" 2013 3 3 "PfK13" 2011 6 2 1 NA NA NA NA
"186" "Thailand" "Sisakhet" 2015 16 16 "PfK13" 2011 6 4 1 NA NA NA NA
"187" "Thailand" "Sisakhet" 2016 5 5 "PfK13" 2011 6 5 1 NA NA NA NA
"188" "Thailand" "Sisakhet" 2017 18 18 "PfK13" 2011 6 6 1 NA NA NA NA
"189" "Thailand" "Tak" 2001 35 0 "PfK13" 2003 10 -2 0 NA NA NA NA
"190" "Thailand" "Tak" 2002 50 0 "PfK13" 2003 10 -1 0 NA NA NA NA
"191" "Thailand" "Tak" 2003 76 2 "PfK13" 2003 10 0 0.0263157894736842 1.94736842105263 -3.61091791264422 -5.14628315571239 0.578731237286485
"192" "Thailand" "Tak" 2004 74 0 "PfK13" 2003 10 1 0 NA NA NA NA
"193" "Thailand" "Tak" 2005 48 1 "PfK13" 2003 10 2 0.0208333333333333 0.979166666666667 -3.85014760171006 -4.05893334654307 1.69743247328809
"194" "Thailand" "Tak" 2006 2 0 "PfK13" 2003 10 3 0 NA NA NA NA
"195" "Thailand" "Tak" 2007 27 0 "PfK13" 2003 10 4 0 NA NA NA NA
"196" "Thailand" "Tak" 2008 261 6 "PfK13" 2003 10 5 0.0229885057471264 5.86206896551724 -3.74950407593037 -2.44617257805777 7.97188920649216
"197" "Thailand" "Tak" 2009 16 1 "PfK13" 2003 10 6 0.0625 0.9375 -2.70805020110221 -1.90844662494339 12.9155466344372
"198" "Thailand" "Tak" 2010 14 0 "PfK13" 2003 10 7 0 NA NA NA NA
"199" "Thailand" "Tak" 2011 47 9 "PfK13" 2003 10 8 0.191489361702128 7.27659574468085 -1.44036158239017 -0.822678929164939 30.5195293672785
"200" "Thailand" "Tak" 2012 93 45 "PfK13" 2003 10 9 0.483870967741935 23.2258064516129 -0.0645385211375712 -0.285387311006983 42.9133502849875
"201" "Thailand" "Tak" 2013 111 70 "PfK13" 2003 10 10 0.630630630630631 25.8558558558559 0.534923175345051 0.241032263915825 55.9968018780167
"202" "Thailand" "Tak" 2014 5 5 "PfK13" 2003 10 11 1 NA NA NA NA
"203" "Thailand" "Tak" 2015 9 3 "PfK13" 2003 10 12 0.333333333333333 2 -0.693147180559945 1.30542443064088 78.6746490316924
"204" "Thailand" "Tak" 2016 1 0 "PfK13" 2003 10 13 0 NA NA NA NA
"205" "Thailand" "Tak" 2017 1 1 "PfK13" 2003 10 14 1 NA NA NA NA
"206" "Vietnam" "Binh Phuoc" 2005 8 4 "PfK13" 2005 10 0 0.5 2 0 -3.12216095509647 4.22023367650292
"207" "Vietnam" "Binh Phuoc" 2009 13 2 "PfK13" 2005 10 4 0.153846153846154 1.69230769230769 -1.70474809223843 -1.27961725680189 21.7615381980141
"208" "Vietnam" "Binh Phuoc" 2010 73 19 "PfK13" 2005 10 5 0.26027397260274 14.0547945205479 -1.04454506739783 -0.80613024834622 30.8715728780295
"209" "Vietnam" "Binh Phuoc" 2011 116 44 "PfK13" 2005 10 6 0.379310344827586 27.3103448275862 -0.492476485097794 -0.32743217830948 41.8865544585772
"210" "Vietnam" "Binh Phuoc" 2012 25 8 "PfK13" 2005 10 7 0.32 5.44 -0.75377180237638 0.136158277823283 53.3987078251998
"211" "Vietnam" "Binh Phuoc" 2014 5 5 "PfK13" 2005 10 9 1 NA NA NA NA
"212" "Vietnam" "Binh Phuoc" 2015 41 36 "PfK13" 2005 10 10 0.878048780487805 4.39024390243902 1.97408102602201 1.54052905207997 82.3541620663236
"213" "Vietnam" "Binh Phuoc" 2016 61 56 "PfK13" 2005 10 11 0.918032786885246 4.59016393442623 2.41591377830105 2.00604173876611 88.142996380232
"214" "Vietnam" "Binh Phuoc" 2017 83 77 "PfK13" 2005 10 12 0.927710843373494 5.56626506024096 2.55204595262563 2.49328795195573 92.3669938857187
"215" "Vietnam" "Binh Phuoc" 2018 201 194 "PfK13" 2005 10 13 0.965174129353234 6.75621890547264 3.32194801000802 2.946389990409 95.0092591713288
"216" "Vietnam" "Dak Lak" 2017 91 87 "PfK13" 2017 2 0 0.956043956043956 NA 3.07961375753469 NA NA
"217" "Vietnam" "Dak Lak" 2018 15 15 "PfK13" 2017 2 1 1 NA NA NA NA
"218" "Vietnam" "Dak Nong" 2017 45 43 "PfK13" 2017 2 0 0.955555555555556 NA 3.06805293513362 NA NA
"219" "Vietnam" "Dak Nong" 2018 25 25 "PfK13" 2017 2 1 1 NA NA NA NA
"220" "Vietnam" "Gia Lai" 2015 34 23 "PfK13" 2015 4 0 0.676470588235294 7.44117647058824 0.737598943130779 0.245229768412226 56.1002038195282
"221" "Vietnam" "Gia Lai" 2016 5 4 "PfK13" 2015 4 1 0.8 0.8 1.38629436111989 0.508347901931727 62.4419104330041
"222" "Vietnam" "Gia Lai" 2017 181 114 "PfK13" 2015 4 2 0.629834254143646 42.1988950276243 0.531505829003529 0.834477945228222 69.7300934424177
"223" "Vietnam" "Gia Lai" 2018 110 94 "PfK13" 2015 4 3 0.854545454545454 13.6727272727273 1.77070606003022 1.12242615800941 75.443846648358
"224" "Vietnam" "Khanh Hoa" 2014 21 13 "PfK13" 2014 2 0 0.619047619047619 NA 0.485507815781701 NA NA
"225" "Vietnam" "Khanh Hoa" 2017 17 9 "PfK13" 2014 2 3 0.529411764705882 NA 0.117783035656383 NA NA
"226" "Vietnam" "Ninh Thuan" 2003 2 0 "PfK13" 2012 1 -9 0 NA NA NA NA
"227" "Vietnam" "Ninh Thuan" 2012 17 1 "PfK13" 2012 1 0 0.0588235294117647 NA -2.77258872223978 NA NA
"228" "Vietnam" "Ninh Thuan" 2017 11 0 "PfK13" 2012 1 5 0 NA NA NA NA
"229" "Vietnam" "Quang Nam" 2012 68 60 "PfK13" 2012 2 0 0.882352941176471 NA 2.01490302054226 NA NA
"230" "Vietnam" "Quang Nam" 2013 3 1 "PfK13" 2012 2 1 0.333333333333333 NA -0.693147180559945 NA NA
"231" "Vietnam" "Quang Tri" 2010 6 1 "PfK13" 2010 2 0 0.166666666666667 NA -1.6094379124341 NA NA
"232" "Vietnam" "Quang Tri" 2017 22 9 "PfK13" 2010 2 7 0.409090909090909 NA -0.367724780125317 NA NA
"233" "Cambodia" "Battambang" 2008 20 3 "R539T" 2008 1 0 0.15 NA -1.73460105538811 NA NA
"234" "Cambodia" "Battambang" 2009 31 0 "R539T" 2008 1 1 0 NA NA NA NA
"235" "Cambodia" "Pailin" 2007 3 1 "R539T" 2007 5 0 0.333333333333333 0.666666666666667 -0.693147180559945 -1.28664265909339 21.6421617698494
"236" "Cambodia" "Pailin" 2008 24 5 "R539T" 2007 5 1 0.208333333333333 3.95833333333333 -1.33500106673234 -1.49588821180416 18.3039583400675
"237" "Cambodia" "Pailin" 2009 13 2 "R539T" 2007 5 2 0.153846153846154 1.69230769230769 -1.70474809223843 -1.66701704749029 15.8822289188384
"238" "Cambodia" "Pailin" 2010 10 1 "R539T" 2007 5 3 0.1 0.9 -2.19722457733622 -1.87697852929383 13.273631153489
"239" "Cambodia" "Pailin" 2011 49 5 "R539T" 2007 5 4 0.102040816326531 4.48979591836735 -2.17475172148416 -2.10386221310922 10.8722000883991
"240" "Cambodia" "Pailin" 2012 31 0 "R539T" 2007 5 5 0 NA NA NA NA
"241" "Cambodia" "Pailin" 2015 15 0 "R539T" 2007 5 8 0 NA NA NA NA
"242" "Cambodia" "Pailin" 2016 22 0 "R539T" 2007 5 9 0 NA NA NA NA
"243" "Cambodia" "Pailin" 2017 24 0 "R539T" 2007 5 10 0 NA NA NA NA
"244" "Cambodia" "Preah Vihear" 2011 73 2 "R539T" 2011 1 0 0.0273972602739726 NA -3.56953269648137 NA NA
"245" "Cambodia" "Preah Vihear" 2012 41 0 "R539T" 2011 1 1 0 NA NA NA NA
"246" "Cambodia" "Preah Vihear" 2013 20 0 "R539T" 2011 1 2 0 NA NA NA NA
"247" "Cambodia" "Preah Vihear" 2014 7 0 "R539T" 2011 1 3 0 NA NA NA NA
"248" "Cambodia" "Preah Vihear" 2015 3 0 "R539T" 2011 1 4 0 NA NA NA NA
"249" "Cambodia" "Preah Vihear" 2016 5 0 "R539T" 2011 1 5 0 NA NA NA NA
"250" "Cambodia" "Pursat" 2007 26 1 "R539T" 2007 5 0 0.0384615384615385 0.961538461538461 -3.2188758248682 -2.72618919395091 6.14455650931452
"251" "Cambodia" "Pursat" 2009 19 1 "R539T" 2007 5 2 0.0526315789473684 0.947368421052631 -2.89037175789616 -2.66767746869369 6.4907791743738
"252" "Cambodia" "Pursat" 2010 107 5 "R539T" 2007 5 3 0.0467289719626168 4.76635514018692 -3.01553490085017 -2.61870370564189 6.79443392213382
"253" "Cambodia" "Pursat" 2011 101 10 "R539T" 2007 5 4 0.099009900990099 9.00990099009901 -2.2082744135228 -2.56998896847483 7.10950326085973
"254" "Cambodia" "Pursat" 2012 30 0 "R539T" 2007 5 5 0 NA NA NA NA
"255" "Cambodia" "Pursat" 2013 42 1 "R539T" 2007 5 6 0.0238095238095238 0.976190476190476 -3.71357206670431 -2.49292784758784 7.63554537367482
"256" "Cambodia" "Pursat" 2014 33 0 "R539T" 2007 5 7 0 NA NA NA NA
"257" "Cambodia" "Pursat" 2015 18 0 "R539T" 2007 5 8 0 NA NA NA NA
"258" "Cambodia" "Pursat" 2016 52 0 "R539T" 2007 5 9 0 NA NA NA NA
"259" "Cambodia" "Pursat" 2017 29 0 "R539T" 2007 5 10 0 NA NA NA NA
"260" "Cambodia" "Pursat" 2018 3 0 "R539T" 2007 5 11 0 NA NA NA NA
"261" "Cambodia" "Ratanakiri" 2010 50 0 "R539T" 2017 1 -7 0 NA NA NA NA
"262" "Cambodia" "Ratanakiri" 2011 78 0 "R539T" 2017 1 -6 0 NA NA NA NA
"263" "Cambodia" "Ratanakiri" 2012 27 0 "R539T" 2017 1 -5 0 NA NA NA NA
"264" "Cambodia" "Ratanakiri" 2013 13 0 "R539T" 2017 1 -4 0 NA NA NA NA
"265" "Cambodia" "Ratanakiri" 2014 26 0 "R539T" 2017 1 -3 0 NA NA NA NA
"266" "Cambodia" "Ratanakiri" 2016 80 0 "R539T" 2017 1 -1 0 NA NA NA NA
"267" "Cambodia" "Ratanakiri" 2017 73 1 "R539T" 2017 1 0 0.0136986301369863 NA -4.27666611901606 NA NA
"268" "Cambodia" "Ratanakiri" 2018 5 0 "R539T" 2017 1 1 0 NA NA NA NA
"269" "Laos" "Attapeu" 2011 59 1 "R539T" 2011 4 0 0.0169491525423729 0.983050847457627 -4.06044301054642 -3.37177502508524 3.3189305015393
"270" "Laos" "Attapeu" 2012 25 1 "R539T" 2011 4 1 0.04 0.96 -3.17805383034795 -3.19497441040321 3.93552832395129
"271" "Laos" "Attapeu" 2017 65 2 "R539T" 2011 4 6 0.0307692307692308 1.93846153846154 -3.44998754583159 -2.24985128328455 9.53622936692787
"272" "Laos" "Attapeu" 2018 54 8 "R539T" 2011 4 7 0.148148148148148 6.81481481481482 -1.74919985480926 -2.08566989864393 11.0497453092967
"273" "Laos" "Champasak" 2017 92 2 "R539T" 2017 1 0 0.0217391304347826 NA -3.80666248977032 NA NA
"274" "Laos" "Champasak" 2018 113 0 "R539T" 2017 1 1 0 NA NA NA NA
"275" "Thailand" "Ranong" 2011 9 0 "R539T" 2012 1 -1 0 NA NA NA NA
"276" "Thailand" "Ranong" 2012 11 1 "R539T" 2012 1 0 0.0909090909090909 NA -2.30258509299405 NA NA
"277" "Thailand" "Sisakhet" 2011 5 2 "R539T" 2011 3 0 0.4 1.2 -0.405465108108164 -0.119767530671719 47.0093857249332
"278" "Thailand" "Sisakhet" 2012 12 10 "R539T" 2011 3 1 0.833333333333333 1.66666666666667 1.6094379124341 0.828373130679269 69.6010827015185
"279" "Thailand" "Sisakhet" 2013 3 3 "R539T" 2011 3 2 1 NA NA NA NA
"280" "Thailand" "Sisakhet" 2015 16 0 "R539T" 2011 3 4 0 NA NA NA NA
"281" "Thailand" "Sisakhet" 2016 5 0 "R539T" 2011 3 5 0 NA NA NA NA
"282" "Thailand" "Sisakhet" 2017 18 0 "R539T" 2011 3 6 0 NA NA NA NA
"283" "Vietnam" "Binh Phuoc" 2005 8 0 "R539T" 2011 1 -6 0 NA NA NA NA
"284" "Vietnam" "Binh Phuoc" 2009 13 0 "R539T" 2011 1 -2 0 NA NA NA NA
"285" "Vietnam" "Binh Phuoc" 2010 73 0 "R539T" 2011 1 -1 0 NA NA NA NA
"286" "Vietnam" "Binh Phuoc" 2011 116 6 "R539T" 2011 1 0 0.0517241379310345 NA -2.90872089656436 NA NA
"287" "Vietnam" "Binh Phuoc" 2012 25 0 "R539T" 2011 1 1 0 NA NA NA NA
"288" "Vietnam" "Binh Phuoc" 2014 5 0 "R539T" 2011 1 3 0 NA NA NA NA
"289" "Vietnam" "Binh Phuoc" 2015 41 0 "R539T" 2011 1 4 0 NA NA NA NA
"290" "Vietnam" "Binh Phuoc" 2016 61 0 "R539T" 2011 1 5 0 NA NA NA NA
"291" "Vietnam" "Binh Phuoc" 2017 83 0 "R539T" 2011 1 6 0 NA NA NA NA
"292" "Vietnam" "Binh Phuoc" 2018 201 0 "R539T" 2011 1 7 0 NA NA NA NA
"293" "Vietnam" "Gia Lai" 2015 34 0 "R539T" 2017 1 -2 0 NA NA NA NA
"294" "Vietnam" "Gia Lai" 2016 5 0 "R539T" 2017 1 -1 0 NA NA NA NA
"295" "Vietnam" "Gia Lai" 2017 181 1 "R539T" 2017 1 0 0.00552486187845304 NA -5.19295685089021 NA NA
"296" "Vietnam" "Gia Lai" 2018 110 0 "R539T" 2017 1 1 0 NA NA NA NA
